0xcb0fbd7d31f129c9445949ac2a53313dc664dcf5,0xbac859aab1168154552b678c5710381db579e093,0xa6bba8fe9ce31053ef6df534c0f51abf7f2b84f6,0x89ddb9394b1e7aa83435762bd9fb10b382112c9d,0x0195f79a927f4933fc96fd11d22f645fd2a6165e,0x00000d27f195fd2b5a2ce76e0a0883493af40f29,0x01
